   0.0000000000000000        1.0000000000000000        0.0000000000000000        0.0000000000000000        0.0000000000000000        4.0365163265229843E-321   9.9999999999999805     
  0.10000000000000001       0.98054474708171202      -0.19455252918287938       -1.9455252918287937        1.2505345883212504E-002   0.0000000000000000        4.0019317313140970E-322
  0.20000000000000001       0.94261454468675510      -0.47167677133291519       -1.8474949476668769       0.13956008801058095       0.10000000000000001        0.0000000000000000     
  0.30000000000000004       0.88744573257602677      -0.63788116968614206       -1.7238609715771624       0.18356260684850467       0.20000000000000001        1.0000000000000000     
  0.40000000000000002       0.81586878500652982      -0.79781015298881219       -1.5679127577739547       0.22378632244286639       0.30000000000000004        1.5000000000000000     
  0.50000000000000000       0.72912278751267079      -0.94330522456040000       -1.3827811570605093       0.25934207994403996       0.40000000000000002        0.0000000000000000     
  0.59999999999999998       0.62887761874699866       -1.0699475440157871       -1.1721594339727344       0.28898007375048329       0.50000000000000000       -1.0000000000000000     
  0.69999999999999996       0.51713938158687855       -1.1748477135734408      -0.94029094608788177       0.31222517795331511       0.59999999999999998       -2.0000000000000000     
  0.79999999999999993       0.39616410377602551       -1.2559379813621949      -0.69185316904307537       0.32874489412662378       0.69999999999999996        0.0000000000000000     
  0.89999999999999991       0.26838853316311134       -1.3117571701394475      -0.43183649271506686       0.33835119557430132       0.79999999999999993        0.0000000000000000     
  0.99999999999999989       0.13637052884007053       -1.3413922117810408      -0.16542968073765779       0.34100078072267759       0.89999999999999991       0.50000000000000000     
   1.0999999999999999        2.7335570234140591E-003  -1.3444645556346431       0.10209005040394337       0.33679280608939210       0.99999999999999989        6.3734468313520804E-322
   1.2000000000000000      -0.12988706016681550       -1.3211243987701609       0.36546407223524385       0.32596387664178933        1.0999999999999999        1.0000000000000000     
   1.3000000000000000      -0.25889663778749777       -1.2720405783590858       0.61955652184372245       0.30888034388141039        1.2000000000000000        1.0000000000000000     
   1.4000000000000001      -0.38179198594856434       -1.1983823343125868       0.85945455864213560       0.28602808718937522        1.3000000000000000        2.2500000000000000     
   1.5000000000000002      -0.49620990476496935       -1.1017920414407421        1.0805631728451981       0.25800002654883786        1.4000000000000001        0.0000000000000000     
   1.6000000000000003      -0.59997248332096842      -0.98434908425796086        1.2786928933825736       0.22548166548041229        1.5000000000000002       -2.0000000000000000     
   1.7000000000000004      -0.69112837698633189      -0.84852551220045769        1.4501387949487003       0.18923500154797815        1.6000000000000003       -6.0000000000000000     
   1.8000000000000005      -0.76798929920857173      -0.69713436500678005        1.5917493476176861       0.15008117091660889        1.7000000000000004        0.0000000000000000     
   1.9000000000000006      -0.82916105502046056      -0.53327172606713091        1.7009838481262918       0.10888221382728694        1.8000000000000005        1.0000000000000000     
   2.0000000000000004      -0.87356855271758738      -0.36025368639745714        1.7759574003469714        6.6522359567238051E-002   1.9000000000000006        5.5000000000000000     
   2.1000000000000005      -0.90047435165948797      -0.18154949564287479        1.8154726629704059        2.3889232565949235E-002   2.0000000000000004        0.0000000000000000     
   2.2000000000000006      -0.90949043412123420       -7.1224221669193965E-004   1.8190378476198039       -1.8144624257303895E-002   2.1000000000000005        0.0000000000000000     
   2.3000000000000007      -0.90058302446081617       0.17869155721500340        1.7868707243444324       -5.8739526567756994E-002   2.2000000000000006       -2.0000000000000000     
   2.4000000000000008      -0.87407041669262775       0.35315206822073680        1.7198886679275964       -9.7105365454598871E-002   2.3000000000000007        0.0000000000000000     
   2.5000000000000009      -0.83061390907892763       0.51928457536455763        1.6196850521286910      -0.13251693233724890        2.4000000000000008        0.0000000000000000     
   2.6000000000000010      -0.77120207884922387       0.67389491537705493        1.4884925644682832      -0.16432755575874713        2.5000000000000009       0.25000000000000000     
   2.7000000000000011      -0.69712875900813498       0.81404064646781571        1.3291342662988446      -0.19198079510811228        2.6000000000000010        1.6304166312761136E-322
   2.8000000000000012      -0.60996519990863762       0.93708678728701533        1.1449634568343141      -0.21501998227159760        2.7000000000000011        0.0000000000000000     
   2.9000000000000012      -0.51152700854439304        1.0407550749661820       0.93979361109149173      -0.23309545185351618        2.8000000000000012        4.8958424841025567E-085
   3.0000000000000013      -0.40383655627076714        1.1231658272831644       0.71781984635888130      -0.24596935281315652        2.9000000000000012        1.0000000016935582     
   3.1000000000000014      -0.28908162908055979        1.1828716464849820       0.48353352644232100      -0.25351798797865999        3.0000000000000013        1.6304166312761136E-322
   3.2000000000000015      -0.16957116211479920        1.2188823685353722       0.24163173474676863      -0.25573168175116706        3.1000000000000014        6.8728206267312943E-322
   3.3000000000000016       -4.7688950582237891E-002   1.2306808381596168       -3.0765658882935254E-003 -0.25271222924407438        3.2000000000000015        4.8958424841025567E-085
   3.4000000000000017        7.4153738161123445E-002   1.2182292734876132      -0.24576581820125598      -0.24466803099000139        3.3000000000000016        3.7682920399209382E-317
   3.5000000000000018       0.19356571245508220        1.1819661706925746      -0.48168871856557033      -0.23190706512891340        3.4000000000000017        1.6304166312761136E-322
   3.6000000000000019       0.30822262955967350        1.1227938850990749      -0.70626876992727294      -0.21482789268347466        3.5000000000000018        1.9105194417617332E-316
   3.7000000000000020       0.41591208240404454        1.0420572071426089      -0.91518874137949791      -0.19390893025265749        3.6000000000000019        3.3315333943450936E-312
   3.8000000000000020       0.51457612840323086       0.94151342576593866       -1.1044733308677368      -0.16969625745198605        3.7000000000000020        7.7568306397075707E-322
   3.9000000000000021       0.60235044606816512       0.82329453497808280       -1.2705644549345767      -0.14279025307297927        3.8000000000000020        5.5829417980060859E-322
   4.0000000000000018       0.67759937784087187       0.68986238826593071       -1.4103877467430181      -0.11383137374598679        3.9000000000000021        6.9458735402362310E-310
   4.1000000000000014       0.73894620426685187       0.54395773752616594       -1.5214090275357968       -8.3485401544992427E-002   4.0000000000000018        6.9458735402362310E-310
   4.2000000000000011       0.78529809345694324       0.38854420572147125       -1.6016797233716040       -5.2428492305161167E-002   4.1000000000000014        4.7430302000759668E-322
   4.3000000000000007       0.81586527875412873       0.22674833350732579       -1.6498704241888433       -2.1332354430354510E-002   4.2000000000000011        1.5810100666919889E-322
   4.4000000000000004       0.83017413438707666        6.1796908008288555E-002  -1.6652920214148161        9.1501211956282642E-003   4.3000000000000007        0.0000000000000000     
   4.5000000000000000       0.82807394130460166      -0.10304717440186408       -1.6479041086570545        3.8398475603804501E-002   4.4000000000000004        6.9458735402314880E-310
   4.5999999999999996       0.80973726089659781      -0.26454924070767927       -1.5983105825365813        6.5837258278649974E-002   4.5000000000000000        7.9050503334599447E-322
   4.6999999999999993       0.77565396042902124      -0.41956610497363095       -1.5177426324601520        9.0947311922323013E-002   4.5999999999999996        2.4209216646221081E-322
   4.7999999999999989       0.72661905827280948      -0.56510703000529250       -1.4080295541451955       0.11327554487728864        4.6999999999999993        6.9458735402330690E-310
   4.8999999999999986       0.66371467696535225      -0.69839120883079875       -1.2715580572242406       0.13244300828792707        4.7999999999999989        6.9458735402330690E-310
   4.9999999999999982       0.58828650548812844      -0.81690066562107011       -1.1112209577265713       0.14815113613203512        4.8999999999999986        0.0000000000000000     
   5.0999999999999979       0.50191527670361347      -0.91842757438160472      -0.93035634745669871       0.16018604974907619        4.9999999999999982        0.0000000000000000     
   5.1999999999999975       0.40638385968658264       -1.0011151113328878      -0.73267851046653421       0.16842087343553064        5.0999999999999979        5.5335352334219613E-322
   5.2999999999999972       0.30364064795473766       -1.0634910908925206      -0.52220200863807364       0.17281605305191453        5.1999999999999975        1.5810100666919889E-322
   5.3999999999999968       0.19575999185624285       -1.1044937828181971      -0.30316048108702998       0.17341771437794104        5.2999999999999972        7.3403864427243504E-322
   5.4999999999999964        8.4900475399449185E-002  -1.1234894663594308       -7.9921793490143889E-002  0.17035414117491254        5.3999999999999968        6.7448289441513350E-322
   5.5999999999999961       -2.6738126286522577E-002  -1.1202814430056081       0.14309876801349383       0.16383049362824645        5.4999999999999964        1.2828908559913808E-319
   5.6999999999999957      -0.13695835346822388       -1.0951103992956608       0.36152553888010064       0.15412192517622239        5.5999999999999961        1.8186556423416285E-320
   5.7999999999999954      -0.24360817464898202       -1.0486461818028658       0.57110804384219327       0.14156528889791511        5.6999999999999957        1.9087481670148277E-316
   5.8999999999999950      -0.34462286267400494      -0.98197121447155278       0.76780342250573397       0.12654965295075349        5.7999999999999954        1.9087464377850673E-316
   5.9999999999999947      -0.43806482206118919      -0.89655595068264871       0.94785412017699022       0.10950586744970345        5.8999999999999950        0.0000000000000000     
   6.0999999999999943      -0.52216060223194527      -0.79422690562542086        1.1078593569139239        9.0895442227063153E-002   5.9999999999999947        2.0256691479491108E-322
   6.1999999999999940      -0.59533439267675836      -0.67712795581841534        1.2448390218189900        7.1199005801877199E-002   6.0999999999999943        1.9762625833649862E-323
   6.2999999999999936      -0.65623737077678701      -0.54767571927636471        1.3562887990956831        5.0904620460133269E-002   6.1999999999999940        0.0000000000000000     
   6.3999999999999932      -0.70377235944297356      -0.40850993949265513        1.4402255140453597        3.0496226583926447E-002   6.2999999999999936        1.9088755865448902E-316
   6.4999999999999929      -0.73711334813717067      -0.26243988708202504        1.4952218872409033        1.0442481394921682E-002   6.3999999999999932        1.9088700530096568E-316
   6.5999999999999925      -0.75571953523377589      -0.11238786297809239        1.5204300995057991       -8.8137566417602013E-003   6.4999999999999929        1.9088668909895234E-316
   6.6999999999999922      -0.75934365995230479        3.8669064705091197E-002   1.5155937947282023       -2.6865065978119974E-002   6.5999999999999925        0.0000000000000000     
   6.7999999999999918      -0.74803450602978139       0.18775793243049652        1.4810483774651231       -4.3348015440605132E-002   6.6999999999999922        2.1219957973881257E-314
   6.8999999999999915      -0.72213357464107719       0.33196820121794529        1.4177096931847186       -5.7950454636656490E-002   6.7999999999999918        0.0000000000000000     
   6.9999999999999911      -0.68226603854030232       0.46850838456810195        1.3270514063151566       -7.0417395579194908E-002   6.8999999999999915        0.0000000000000000     
   7.0999999999999908      -0.62932620074735146       0.59475988639039035        1.2110716105834716       -8.0555375317152525E-002   6.9999999999999911        1.9088700530096568E-316
   7.1999999999999904      -0.56445778718008366       0.70832701454426250        1.0722494131966263       -8.8235226932128152E-002   7.0999999999999908        0.0000000000000000     
   7.2999999999999901      -0.48902950139452062       0.80708221894710630       0.91349242527327257       -9.3393224997290247E-002   7.1999999999999904        0.0000000000000000     
   7.3999999999999897      -0.40460635916296367       0.88920570454553927       0.73807626196228426       -9.6030610588647841E-002   7.2999999999999901        1.9088700530096568E-316
   7.4999999999999893      -0.31291739930862272       0.95321868665732901       0.54957730368465918       -9.6211539287663669E-002   7.3999999999999897        2.1219958003525196E-314
   7.5999999999999890      -0.21582043356781005       0.99800968684048597       0.35180009218838126       -9.4059532438203738E-002   7.4999999999999893        1.9088728197772735E-316
   7.6999999999999886      -0.11526455106335806        1.0228534088627166       0.14870082941769877       -8.9752546383446305E-002   7.5999999999999890        1.9087479693885694E-316
   7.7999999999999883       -1.3251131317458420E-002   1.0274218836662343       -5.5691488058381866E-002  -8.3516805734802954E-002   7.6999999999999886        1.4821969375237396E-322
   7.8999999999999879        8.8205857028233386E-002   1.0117877264558788      -0.25735473217293708       -7.5619574219174868E-002   7.7999999999999883        1.9087464377850673E-316
   7.9999999999999876       0.18711948681787013       0.97641950511609199      -0.45235253404502762       -6.6361059711094711E-002   7.8999999999999879        4.9406564584124654E-324
   8.0999999999999872       0.28156865501482586       0.92216937400615251      -0.63691085995014407       -5.6065668187669795E-002   7.9999999999999876        0.0000000000000000     
   8.1999999999999869       0.36973526293140507       0.85025327776390947      -0.80749078808392294       -4.5072834169500114E-002   8.0999999999999872        2.1219958018347165E-314
   8.2999999999999865       0.44993907711323999       0.76222417314462698      -0.96085608807805012       -3.3727662477968538E-002   8.1999999999999869        0.0000000000000000     
   8.3999999999999861       0.52066960519894079       0.65993885037633726       -1.0941343184279884       -2.2371617726648314E-002   8.2999999999999865        1.9087480682016986E-316
   8.4999999999999858       0.58061438499327711       0.54551905648654131       -1.2048702945054777       -1.1333493881751016E-002   8.3999999999999861        0.0
   8.5999999999999854       0.62868316020955906       0.42130772927254662       -1.2910709387609216       -9.2088661218979169E-004   8.4999999999999858        0.0000000000000000     
   8.6999999999999851       0.66402750128715249       0.28982124008249194       -1.3512407017809043        8.5876237373026711E-003   8.5999999999999854        0.0000000000000000     
   8.7999999999999847       0.68605552262792102       0.15369861472356158       -1.3844069344337269        1.6949390519494848E-002   8.6999999999999851        0.0000000000000000     
   8.8999999999999844       0.69444144663272778        1.5648753368256337E-002  -1.3901347935349162        2.3963556793160416E-002   8.7999999999999847        0.0000000000000000     
   8.9999999999999840       0.68912986806324661      -0.12160329856624849       -1.3685314722411932        2.9475713803224963E-002   8.8999999999999844        0.0000000000000000     
   9.0999999999999837       0.67033467744785802      -0.25536996638342513       -1.3202397575850420        3.3381259819061440E-002   8.9999999999999840        0.0000000000000000     
   9.1999999999999833       0.63853270741221713      -0.38305359745767009       -1.2464211270278207        3.5627396955251474E-002   9.0999999999999837        0.0000000000000000     
   9.2999999999999829       0.59445226888133196      -0.50219672778507285       -1.1487287995398581        3.6213758210610965E-002   9.1999999999999833        0.0000000000000000     
   9.3999999999999826       0.53905684306448498      -0.61052919459827981       -1.0292713505611075        3.5191753050091742E-002   9.2999999999999829        0.0000000000000000     
   9.4999999999999822       0.47352428808744995      -0.70601119557129099      -0.89056768052919655        3.2662940132376285E-002   9.3999999999999826        0.0000000000000000     
   9.5999999999999819       0.39922200430183313      -0.78687148189907674      -0.73549429005174005        2.8777333294093099E-002   9.4999999999999822        0.0000000000000000     
   9.6999999999999815       0.31767857806973721      -0.85163997455335494      -0.56722595817520594        2.3734290457833568E-002   9.5999999999999819        0.0000000000000000     
   9.7999999999999812       0.23055248878134443      -0.89917420816541194      -0.38917104090945598        1.7793851898720358E-002   9.6999999999999815        0.0000000000000000     
   9.8999999999999808       0.13959851682495128      -0.92867913290393311      -0.20490270301758789        1.1322109469559319E-002   9.7999999999999812        0.0000000000000000     
   9.9999999999999805        4.6632530249957525E-002 -0.93971993884294047       -1.8087465392479796E-002   4.9415597134598093E-003   9.8999999999999808        0.0000000000000000     
