   0.0000000000000000        1.0000000000000000        0.0000000000000000        0.0000000000000000     
   1.0000000000000000E-002  0.99975005623734658       -4.9988752530680601E-002  -4.9988752530680598     
   2.0000000000000000E-002  0.99900039987066291       -9.9942520806047166E-002  -4.9953768275366564     
   2.9999999999999999E-002  0.99775150556385384      -0.14983634055577388       -4.9893819749726731     
   4.0000000000000001E-002  0.99600409744873108      -0.19964528246878605       -4.9808941913012168     
   5.0000000000000003E-002  0.99375914871314652      -0.24934446464812129       -4.9699182179335253     
   6.0000000000000005E-002  0.99101788106470790      -0.29890906503959891       -4.9564600391477587     
   7.0000000000000007E-002  0.98778176407036944      -0.34831433382808907       -4.9405268788490169     
   8.0000000000000002E-002  0.98405251437225305      -0.39753560579519231       -4.9221271967103224     
   8.9999999999999997E-002  0.97983209478011635      -0.44654831263215883       -4.9012706836966498     
   9.9999999999999992E-002  0.97512271324094602      -0.49532799520190196       -4.8779682569743157     
  0.10999999999999999       0.96992682168621658      -0.54385031574398646       -4.8522320542084483     
  0.11999999999999998       0.96424711475741409      -0.59209107001650119       -4.8240754272514712     
  0.12999999999999998       0.95808652841048780      -0.64002619936876015       -4.7935129352259018     
  0.13999999999999999       0.95144823839994996      -0.68763180273881030       -4.7605603370050193     
  0.14999999999999999       0.94433565864340707      -0.73488414856976336       -4.7252345830953066     
  0.16000000000000000       0.93675243946736320      -0.78175968663901174       -4.6875538069248384     
  0.17000000000000001       0.92870246573519599      -0.82823505979443235       -4.6475373155420634     
  0.18000000000000002       0.92018985485826521      -0.87428711559173022       -4.6052055797297911     
  0.19000000000000003       0.91121895469117098      -0.91989291782712423       -4.5605802235394020     
  0.20000000000000004       0.90179434131223724      -0.96502975795963075       -4.5136840132506535     
  0.21000000000000005       0.89192081669035284       -1.0096751664172579       -4.4645408457627056     
  0.22000000000000006       0.88160340623935918       -1.0538069237814809       -4.4131757364222928     
  0.23000000000000007       0.87084735626122955       -1.0974030718444330       -4.3596148062952134     
  0.24000000000000007       0.85965813127934088       -1.1404419245333095       -4.3038852688876474     
  0.25000000000000006       0.84804141126319155       -1.1829020786965498       -4.2460154163240320     
  0.26000000000000006       0.83600308874597662       -1.2247624247464348       -4.1860346049884898     
  0.27000000000000007       0.82354926583648036       -1.2660021571528064       -4.1239732406371497     
  0.28000000000000008       0.81068625112680281       -1.3066007847826950       -4.0598627629888533     
  0.29000000000000009       0.79742055649748578       -1.3465381410807160       -3.9937356298020874     
  0.30000000000000010       0.78375889382165631       -1.3857943940851780       -3.9256253004461965     
  0.31000000000000011       0.76970817156985583       -1.4243500562749298       -3.8555662189751789     
  0.32000000000000012       0.75527549131727090       -1.4621859942420563       -3.7835937967126472     
  0.33000000000000013       0.74046814415513251       -1.4992834381856237       -3.7097443943567314     
  0.34000000000000014       0.72529360700809553       -1.5356239912217637       -3.6340553036139958     
  0.35000000000000014       0.70975953885945930       -1.5711896385054800       -3.5565647283716149     
  0.36000000000000015       0.69387377688613361       -1.6059627561596532       -3.4773117654173311     
  0.37000000000000016       0.67764433250530121       -1.6399261200068225       -3.3963363847169226     
  0.38000000000000017       0.66107938733477001       -1.6730629140994135       -3.3136794092591160     
  0.39000000000000018       0.64418728906905198       -1.7053567390441948       -3.2293824944781195     
  0.40000000000000019       0.62697654727324681       -1.7367916201168363       -3.1434881072641372     
  0.41000000000000020       0.60945582909684981       -1.7673520151625608       -3.0560395045724476     
  0.42000000000000021       0.59163395490964210       -1.7970228222789790       -2.9670807116418145     
  0.43000000000000022       0.57351989386186064       -1.8257893872773110       -2.8766564998331940     
  0.44000000000000022       0.55512275937088251       -1.8536375109183101       -2.7848123640999018     
  0.45000000000000023       0.53645180453669439       -1.8805534559193158       -2.6915945001005657     
  0.46000000000000024       0.51751641748845290       -1.9065239537289795       -2.5970497809663851     
  0.47000000000000025       0.49832611666447640       -1.9315362110663232       -2.5012257337343700     
  0.48000000000000026       0.47889054602804026       -1.9555779162209075       -2.4041705154584192     
  0.49000000000000027       0.45921947022138065       -1.9786372451110099       -2.3059328890102333     
  0.50000000000000022       0.43932276966034145       -2.0007028670968321       -2.2065621985822266     
  0.51000000000000023       0.41921043557212789       -2.0217639505458798       -2.1061083449047464     
  0.52000000000000024       0.39889256497865960       -2.0418101681477800       -2.0046217601900320     
  0.53000000000000025       0.37837935562804104       -2.0608317019759350       -1.9021533828155142     
  0.54000000000000026       0.35768110087669375       -2.0788192482935264       -1.7987546317591425     
  0.55000000000000027       0.33680818452471850       -2.0957640221015224       -1.6944773807995801     
  0.56000000000000028       0.31577107560707857       -2.1116577614264647       -1.5893739324942127     
  0.57000000000000028       0.29458032314321653       -2.1264927313459450       -1.4834969919480137     
  0.58000000000000029       0.27324655084773775       -2.1402617277498091       -1.3768996403864280     
  0.59000000000000030       0.25178045180481240       -2.1529580808352642       -1.2696353085455243     
  0.60000000000000031       0.23019278310896513       -2.1645756583341917       -1.1617577498927494     
  0.61000000000000032       0.20849436047493863       -2.1751088684711086       -1.0533210136917064     
  0.62000000000000033       0.18669605281933133       -2.1845526626503533      -0.94437941792446023     
  0.63000000000000034       0.16480877681672354       -2.1929025378712024      -0.83498752208492177     
  0.64000000000000035       0.14284349143301867       -2.2001545388697719      -0.72520009985694567     
  0.65000000000000036       0.12081119243873641       -2.2063052599866801      -0.61507211169082332     
  0.66000000000000036        9.8722906905005015E-002  -2.2113518467595989      -0.50465867729189073     
  0.67000000000000037        7.6589687685007263E-002  -2.2152919972399494      -0.39401504803503518     
  0.68000000000000038        5.4422607883641824E-002  -2.2181239630331384      -0.28319657931889181     
  0.69000000000000039        3.2232755318166759E-002  -2.2198465500618743      -0.17225870287357131     
  0.70000000000000040        1.0031226972596223E-002  -2.2204591190522320       -6.1256899035766407E-002
  0.71000000000000041       -1.2170876551376351E-002  -2.2199615857422832        4.9753330994895484E-002
  0.72000000000000042       -3.4362456584153961E-002  -2.2183544208132395       0.16071649290438100     
  0.73000000000000043       -5.6532421935936168E-002  -2.2156386495432017       0.27157712700378972     
  0.74000000000000044       -7.8669694439570878E-002  -2.2118158511837414       0.38227983594603704     
  0.75000000000000044      -0.10076321448578800       -2.2068881580596829       0.49276931240583144     
  0.76000000000000045      -0.12280194654804936       -2.2008582543925916       0.60299036670911621     
  0.77000000000000046      -0.14477488469425537       -2.1937293748486097       0.71288795439817387     
  0.78000000000000047      -0.16667105808255553       -2.1855053028114235       0.82240720371862774     
  0.79000000000000048      -0.18847953643851903       -2.1761903683812776       0.93149344301461345     
  0.80000000000000049      -0.21018943551093089       -2.1657894461010931        1.0400922280184486     
  0.81000000000000050      -0.23178992250349076       -2.1543079524108815        1.1481493690211737     
  0.82000000000000051      -0.25327022147970407       -2.1417518428317774        1.2556109579104135     
  0.83000000000000052      -0.27461961873826873       -2.1281276088811567        1.3624233950620614     
  0.84000000000000052      -0.29582746815627670       -2.1134422747204331        1.4685334160723795     
  0.85000000000000053      -0.31688319649756519       -2.0977033935372611        1.5738881183171813     
  0.86000000000000054      -0.33777630868357156       -2.0809190436640126        1.6784349873248545     
  0.87000000000000055      -0.35849639302406416       -2.0630978244345117        1.7821219229500744     
  0.88000000000000056      -0.37903312640514253       -2.0442488517811599        1.8848972653351734     
  0.89000000000000057      -0.39937627943192183       -2.0243817535746977        1.9867098206462193     
  0.90000000000000058      -0.41951572152334027       -2.0035066647089876        2.0875088865709919     
  0.91000000000000059      -0.43944142595655183       -1.9816342219333261        2.1872442775661534     
  0.92000000000000060      -0.45914347485839302       -1.9587755584349156        2.2858663498410445     
  0.93000000000000060      -0.47861206414143886       -1.9349422981742588        2.3833260260656712     
  0.94000000000000061      -0.49783750838219193       -1.9101465499763530        2.4795748197905829     
  0.95000000000000062      -0.51681024563897715       -1.8844009013806882        2.5745648595664932     
  0.96000000000000063      -0.53552084220714646       -1.8577184122531716        2.6682489127516482     
  0.97000000000000064      -0.55395999730922840       -1.8301126081632206        2.7605804089951009     
  0.98000000000000065      -0.57211854771769144       -1.8015974735293785        2.8515134633842250     
  0.99000000000000066      -0.58998747230802295       -1.7721874445369290        2.9410028992449484     
   1.0000000000000007      -0.60755789653986303       -1.7418974018310951        3.0290042705833953     
