   0.0000000000000000        1.0000000000000000        0.0000000000000000        0.0000000000000000     
   1.0000000000000000E-002  0.99950034975517132       -4.9965024482861997E-002  -4.9965024482861997     
   2.0000000000000000E-002  0.99850169829161117      -0.12481520729261164       -4.9900121873122041     
   2.9999999999999999E-002  0.99700489355754618      -0.17458813693174471       -4.9815327050490961     
   4.0000000000000001E-002  0.99501051716694178      -0.22431622188741221       -4.9705662613969608     
   5.0000000000000003E-002  0.99251946032392369      -0.27393970692251846       -4.9571185074811677     
   6.0000000000000005E-002  0.98953296019191617      -0.32342217765023451       -4.9411963574065760     
   7.0000000000000007E-002  0.98605255977983730      -0.37273505521143324       -4.9228080977949578     
   8.0000000000000002E-002  0.98208007673160203      -0.42185243663137090       -4.9019633349253828     
   8.9999999999999997E-002  0.97761758649283503      -0.47074938340327804       -4.8786729447961088     
   9.9999999999999992E-002  0.97266741401804624      -0.51940135927998965       -4.8529490429046316     
  0.10999999999999999       0.96723212951967663      -0.56778405101599450       -4.8248049665780632     
  0.11999999999999998       0.96131454590900134      -0.61587331668283773       -4.7942552632113502     
  0.12999999999999998       0.95491771686248572      -0.66364517644358678       -4.7613156807835564     
  0.13999999999999999       0.94804493506415632      -0.71107581742363557       -4.7260031589723086     
  0.14999999999999999       0.94069973044326016      -0.75814160321797042       -4.6883358201519414     
  0.16000000000000000       0.93288586833707721      -0.80481908488263132       -4.6483329599877337     
  0.17000000000000001       0.92460734755265428      -0.85108501235427869       -4.6060150375161859     
  0.18000000000000002       0.91586839831822897      -0.89691634594263936       -4.5614036646722917     
  0.19000000000000003       0.90667348012159577      -0.94229026777373837       -4.5145215952525035     
  0.20000000000000004       0.89702727943512117      -0.98718419313954420       -4.4653927133128146     
  0.21000000000000005       0.88693470732806423       -1.0315757817348199       -4.4140420210056250     
  0.22000000000000006       0.87640089696722956       -1.0754429487723427       -4.3604956258607013     
  0.23000000000000007       0.86543120100716253       -1.1187638759683034       -4.3047807275164462     
  0.24000000000000007       0.85403118887118690       -1.1615170223930003       -4.2469256039080747     
  0.25000000000000006       0.84220664392465683       -1.2036811351807455       -4.1869595969196691     
  0.26000000000000006       0.82996356054185783       -1.2452352600933418       -4.1249130975074220     
  0.27000000000000007       0.81730814106803917       -1.2861587519328648       -4.0608175303015388     
  0.28000000000000008       0.80424679267811783       -1.3264312847972795       -3.9947053376946440     
  0.29000000000000009       0.79078612413364457       -1.3660328621749107       -3.9266099634247245     
  0.30000000000000010       0.77693294243967437       -1.4049438268718841       -3.8565658356609345     
  0.31000000000000011       0.76269424940322972       -1.4431448707681664       -3.7846083496007847     
  0.32000000000000012       0.74807723809509785       -1.4806170443975433       -3.7107738495875386     
  0.33000000000000013       0.73308928921674898       -1.5173417663457380       -3.6350996107568303     
  0.34000000000000014       0.71773796737421081       -1.5533008324632782       -3.5576238202217882     
  0.35000000000000014       0.70203101726077932       -1.5884764248878132       -3.4783855578061402     
  0.36000000000000015       0.68597635975049187       -1.6228511208715415       -3.3974247763350283     
  0.37000000000000016       0.66958208790433338       -1.6564079014093991       -3.3147822814934789     
  0.38000000000000017       0.65285646289118926       -1.6891301596636867       -3.2304997112626723     
  0.39000000000000018       0.63580790982559843       -1.7210017091814271       -3.1446195149443632     
  0.40000000000000019       0.61844501352440651       -1.7520067918992370       -3.0571849317840480     
  0.41000000000000020       0.60077651418445477       -1.7821300859331768       -2.9682399692036108     
  0.42000000000000021       0.58281130298347861       -1.8113567131488542       -2.8778293806544157     
  0.43000000000000022       0.56455841760643266       -1.8396722465080935       -2.7859986431020012     
  0.44000000000000022       0.54602703769949168       -1.8670627171888594       -2.6927939341536811     
  0.45000000000000023       0.52722648025401353       -1.8935146214746754       -2.5982621088405740     
  0.46000000000000024       0.50816619492278470       -1.9190149274104222       -2.5024506760657150     
  0.47000000000000025       0.48885575927090497       -1.9435510812205210       -2.4054077747301141     
  0.48000000000000026       0.46930487396369475       -1.9671110134875336       -2.3071821495487228     
  0.49000000000000027       0.44952335789404452       -1.9896831450870218       -2.2078231265684822     
  0.50000000000000022       0.42952114325165325       -2.0112563928761684       -2.1073805884007428     
  0.51000000000000023       0.40930827053663094       -2.0318201751337881       -2.0059049491804788     
  0.52000000000000024       0.38889488351996976       -2.0513644167480614       -1.9034471292648878     
  0.53000000000000025       0.36829122415341137       -2.0698795541506958       -1.8000585296840432     
  0.54000000000000026       0.34750762743126556       -2.0873565399939600       -1.6957910063564485     
  0.55000000000000027       0.32655451620675752       -2.1037868475689265       -1.5906968440824090     
  0.56000000000000028       0.30544239596550299       -2.1191624749627680       -1.4848287303282597     
  0.57000000000000028       0.28418184955873260       -2.1334759489528312       -1.3782397288146064     
  0.58000000000000029       0.26278353189890469       -2.1467203286356713       -1.2709832529218099     
  0.59000000000000030       0.24125816462036570       -2.1588892087894509       -1.1631130389260393     
  0.60000000000000031       0.21961653070773329       -2.1699767229679177       -1.0546831190793082     
  0.61000000000000032       0.19786946909469322       -2.1799775463243898      -0.94574779454697822     
  0.62000000000000033       0.17602786923591554       -2.1888868981646463      -0.83636160821628469     
  0.63000000000000034       0.15410266565480760       -2.1967005442273133      -0.72657931738949166     
  0.64000000000000035       0.13210483246983368       -2.2034147986906887      -0.61645586637535454     
  0.65000000000000036       0.11004537790214171       -2.2090265259051001      -0.50604635899260664     
  0.66000000000000036        8.7935338767245089E-002  -2.2135331418498940      -0.39540603099922755     
  0.67000000000000037        6.5785774953515716E-002  -2.2169326153145725      -0.28459022246128712     
  0.68000000000000038        4.3607763890250555E-002  -2.2192234688033059      -0.17365435007518668     
  0.69000000000000039        2.1412395008078212E-002  -2.2204047791625929       -6.2653879457139183E-002
  0.70000000000000040       -7.8923580552442136E-004  -2.2204761779317783        4.8355702586257668E-002
  0.71000000000000041       -2.2986031752833466E-002  -2.2194378514162252       0.15931891579249180     
  0.72000000000000042       -4.5166900671824800E-002  -2.2172905404832481       0.27018031416878896     
  0.73000000000000043       -6.7320760578694946E-002  -2.2140355400809550       0.38088451369509385     
  0.74000000000000044       -8.9436545204186674E-002  -2.2096746984802511       0.49137621999053838     
  0.75000000000000044      -0.11150320952095383       -2.2042104162404881       0.60160025592957889     
  0.76000000000000045      -0.13350973525920462       -2.1976456448992607       0.71150158919400841     
  0.77000000000000046      -0.15544513640786961       -2.1899838853872091       0.82102535974709223     
  0.78000000000000047      -0.17729846469854743       -2.1812291861684208       0.93011690721610563     
  0.79000000000000048      -0.19905881506949144       -2.1713861411077171        1.0387217981696115     
  0.80000000000000049      -0.22071533110691036       -2.1604598870656391        1.1467858532758646     
  0.81000000000000050      -0.24225721046086834       -2.1484561012227532        1.2542551743287969     
  0.82000000000000051      -0.26367371023308273       -2.1353809981342620        1.3610761711280988     
  0.83000000000000052      -0.28495415233393251       -2.1212413265167460        1.4671955881999974     
  0.84000000000000052      -0.30608792880600666       -2.1060443657686383        1.5725605313454059     
  0.85000000000000053      -0.32706450711153739       -2.0897979222259071        1.6771184940022050     
  0.86000000000000054      -0.34787343538108501       -2.0725103251556076        1.7808173834085370     
  0.87000000000000055      -0.36850434762085721       -2.0541904224884489        1.8836055465540551     
  0.88000000000000056      -0.38894696887607044       -2.0348475762933771        1.9854317959062198     
  0.89000000000000057      -0.40919112034777921       -2.0144916579956664        2.0862454348988093     
  0.90000000000000058      -0.42922672446062848       -1.9931330433419612        2.1859962831699815     
  0.91000000000000059      -0.44904380987900372       -1.9707826071138270        2.2846347015372950     
  0.92000000000000060      -0.46863251646908277       -1.9474517175931079        2.3821116166972756     
  0.93000000000000060      -0.48798310020432195       -1.9231522307819160        2.4783785456372480     
  0.94000000000000061      -0.50708593801193425       -1.8978964843798751        2.5733876197472689     
  0.95000000000000062      -0.52593153255794955       -1.8716972915216883        2.6670916086201819     
  0.96000000000000063      -0.54451051696847996       -1.8445679342787908        2.7594439435279750     
  0.97000000000000064      -0.56281365948483952       -1.8165221569274135        2.8503987405627460     
  0.98000000000000065      -0.58083186805020903       -1.7875741589874465        2.9399108234307940     
  0.99000000000000066      -0.59855619482556477       -1.7577385880348735        3.0279357458885214     
   1.0000000000000007      -0.61597784063262973       -1.7270305322919524        3.1144298138089872     
