   0.0000000000000000        1.0000000000000000        0.0000000000000000        0.0000000000000000        0.0000000000000000     
   1.0000000000000000E-002  0.99980019980019985       -1.9980019980019980E-002  -1.9980019980019981        6.0514347352310434E-004
   2.0000000000000000E-002  0.99940083892131859       -3.9936087888131279E-002  -1.9956067908115864       -8.2344228938936535E-003
   2.9999999999999999E-002  0.99880219651705704       -5.9864240426148331E-002  -1.9928152538000221        4.4284553875890576E-003
   4.0000000000000001E-002  0.99800459127873065       -7.9760523832638597E-002  -1.9896283406508501        4.8086624480312146E-003
   5.0000000000000003E-002  0.99700838133209546       -9.9620994663525558E-002  -1.9860470830911090       -7.8491455783784164E-003
   6.0000000000000005E-002  0.99581396412639955      -0.11944172056959644       -1.9820725906072314        4.8357689693235163E-003
   7.0000000000000007E-002  0.99442177631568907      -0.13921878107103919       -1.9777060501456951        5.2079842917890405E-003
   8.0000000000000002E-002  0.99283229363239878      -0.15894826832903688       -1.9729487257984748       -7.4661504011089555E-003
   8.9999999999999997E-002  0.99104603075326081      -0.17862628791378798       -1.9678019584734185        5.2406015393497742E-003
   9.9999999999999992E-002  0.98906354115756823      -0.19824895956926034       -1.9622671655495958        5.6045680933570589E-003
  0.10999999999999999       0.98688541697782384      -0.21781241797445125       -1.9563458405176912       -7.0861414138903862E-003
  0.11999999999999998       0.98451228884281894      -0.23731281350049496       -1.9500395526055980        5.6422514410081961E-003
  0.12999999999999998       0.98194482571317487      -0.25674631296439293       -1.9433499463891981        5.9977146278927364E-003
  0.13999999999999999       0.97918373470939180      -0.27610910037829256       -1.9362787413885205       -6.7098152273953751E-003
  0.14999999999999999       0.97622976093244374      -0.29539737769480295       -1.9288277316493034        6.0400248704835175E-003
  0.16000000000000000       0.97308368727696493      -0.31460736554788093       -1.9209987853100996        6.3867329329738215E-003
  0.17000000000000001       0.96974633423707046      -0.33373530398944762       -1.9127938441549852       -6.3378597822473619E-003
  0.18000000000000002       0.96621855970486070      -0.35277745322097875       -1.9042149231520429        6.4332370995396513E-003
  0.19000000000000003       0.96250125876165327      -0.37173009432073645       -1.8952641099776475        6.7709415249145892E-003
  0.20000000000000004       0.95859536346199337      -0.39058952996599255       -1.8859435645267073       -5.9709531393565595E-003
  0.21000000000000005       0.95450184261049253      -0.40935208515008747       -1.8762555184089780        6.8212136782958288E-003
  0.22000000000000006       0.95022170153154828      -0.42801410789441263       -1.8662022744315436        7.1496695944182490E-003
  0.23000000000000007       0.94575598183199772      -0.44657196995506071       -1.8557862060675907       -5.6097622916229080E-003
  0.24000000000000007       0.94110576115675570      -0.46502206752419978       -1.8450097569115753        7.2032916159382714E-003
  0.25000000000000006       0.93627215293750177      -0.48336082192539576       -1.8338754401209718        7.5222581794761132E-003
  0.26000000000000006       0.93125630613446309      -0.50158468030386216       -1.8223858378446174       -5.2549419990779479E-003
  0.27000000000000007       0.92605940497136074      -0.51969011631023920       -1.8105436006379025        7.5788205373142018E-003
  0.28000000000000008       0.92068266866357185      -0.53767363077888197       -1.7983514468648329        7.8880613134739881E-003
  0.29000000000000009       0.91512735113957400      -0.55553175239977814       -1.7858121620871654       -4.9071336494850692E-003
  0.30000000000000010       0.90939474075573246      -0.57326103838416487       -1.7729285984407319        7.9471638134037976E-003
  0.31000000000000011       0.90348616000449078      -0.59085807512416499       -1.7597036739990481        8.2464471465194637E-003
  0.32000000000000012       0.89740296521603657      -0.60831947884540449       -1.7461403721244406       -4.5669641463705803E-003
  0.33000000000000013       0.89114654625350154      -0.62564189625349342       -1.7322417408067237        8.3076996637173901E-003
  0.34000000000000014       0.88471832620176771      -0.64282200517338728       -1.7180108919896642        8.5967990380575662E-003
  0.35000000000000014       0.87811976104994538      -0.65985651518223676       -1.7034510008853117       -4.2350448264003105E-003
  0.36000000000000015       0.87135233936759537      -0.67674216823499955       -1.6885653052763909        8.6598222287220493E-003
  0.37000000000000016       0.86441758197476437      -0.69347573928308803       -1.6733571048068818        8.9385166188940459E-003
  0.38000000000000017       0.85731704160590727      -0.71005403688569824       -1.6578297602609589       -3.9119704079590596E-003
  0.39000000000000018       0.85005230256776709      -0.72647390381400778       -1.6419866928304137        9.0029426104603471E-003
  0.40000000000000019       0.84262498039128975      -0.74273221764774500       -1.6258313833707598        9.2710168208153636E-003
  0.41000000000000020       0.83503672147764785      -0.75882589136419376       -1.6093673716461601       -3.5983179727252942E-003
  0.42000000000000021       0.82728920273844975      -0.77475187391980926       -1.5925982555633151        9.3364898795866829E-003
  0.43000000000000022       0.81938413123021214      -0.79050715082376000       -1.5755276903945235        9.5937348720476958E-003
  0.44000000000000022       0.81132324378317544      -0.80608874470367509       -1.5581593879900568       -3.2946459819759113E-003
  0.45000000000000023       0.80310830662454091      -0.82149371586345843       -1.5404971159800052        9.6599120471160989E-003
  0.46000000000000024       0.79474111499620981      -0.83671916283311243       -1.5225446969657708        9.9061252568754306E-003
  0.47000000000000025       0.78622349276710846      -0.85176222291012826       -1.5043060077014068       -3.0014933292784383E-003
  0.48000000000000026       0.77755729204018076      -0.86662007269277941       -1.4857849782649390        9.9726769992419615E-003
  0.49000000000000027       0.76874439275413109      -0.88128992860496369       -1.4669855912198653        1.0207662637795437E-002
  0.50000000000000022       0.75978670228000467      -0.89576904741265095       -1.4479118807669971       -2.7193784311694445E-003
  0.51000000000000023       0.75068615501268965      -0.91005472673150689       -1.4285679318868589        1.0274273393657296E-002
  0.52000000000000024       0.74144471195742723      -0.92414430552623950       -1.4089578794727555        1.0497842738669973E-002
  0.53000000000000025       0.73206436031141953      -0.93803516460078007       -1.3890859074547768       -2.4487983573343985E-003
  0.54000000000000026       0.72254711304062025      -0.95172472707992573       -1.3689562479148465        1.0564211515881820E-002
  0.55000000000000027       0.71289500845180187      -0.96521045888184687       -1.3485731801930558        1.0776183187404266E-002
  0.56000000000000028       0.70311010975998489      -0.97848986918170178       -1.3279410299854337       -2.1902280017341630E-003
  0.57000000000000028       0.69319450465132471      -0.99156051086601948       -1.3070641684333677        1.0842024094179366E-002
  0.58000000000000029       0.68315030484154382       -1.0044199809780834       -1.2859470112048410        1.1042224316758399E-002
  0.59000000000000030       0.67297964563000623       -1.0170659211537576       -1.2645940175677119       -1.9441192960443260E-003
  0.60000000000000031       0.66268468544952308       -1.0294960180483157       -1.2430096894551808        1.1107267071724417E-002
  0.61000000000000032       0.65226760541198769       -1.0417080037535378       -1.2211985705236925        1.1295529921979304E-002
  0.62000000000000033       0.64173060884993205       -1.0536996562055647       -1.1991652452034189       -1.7109004666944947E-003
  0.63000000000000034       0.63107592085410225       -1.0654687995829866       -1.1769143377415654        1.1359520334757593E-002
  0.64000000000000035       0.62030578780714862       -1.0770133046953638       -1.1544505112386680        1.1535687974021300E-002
  0.65000000000000036       0.60942247691352713       -1.0883310893621461       -1.1317784666780826       -1.4909753367093625E-003
  0.66000000000000036       0.59842827572571089       -1.0994201187816282       -1.1089029419488914        1.1598388395558505E-002
  0.67000000000000037       0.58732549166680847       -1.1102784058902491       -1.0858287108623972        1.1762311287208862E-002
  0.68000000000000038       0.57611645154968982       -1.1209040117118600       -1.0625605821624311       -1.2847226734739210E-003
  0.69000000000000039       0.56480350109271826       -1.1312950456971624       -1.0391033985296634        1.1823501029137720E-002
  0.70000000000000040       0.55338900443218864       -1.1414496660529632       -1.0154620355801403        1.1975038140276589E-002
  0.71000000000000041       0.54187534363157330       -1.1513660800615364      -0.99164140085822372       -1.0924955834544089E-003
  0.72000000000000042       0.53026491818767552       -1.1610425443897707      -0.96764643282416940        1.2034513862649303E-002
  0.73000000000000043       0.51856014453379418       -1.1704773653881362      -0.94348209983653741        1.2173532849811517E-002
  0.74000000000000044       0.50676345553999980       -1.1796688993794393      -0.91915339912964455       -9.1462095482425015E-004
  0.75000000000000044       0.49487730001062685       -1.1886155529372948      -0.89466535578627016        1.2231108916602534E-002
  0.76000000000000045       0.48290414217908328       -1.1973157831543613      -0.87002302170581769        1.2357486295210600E-002
  0.77000000000000046       0.47084646120008300       -1.2057680979000314      -0.84523147456816339       -7.5139894884934753E-004
  0.78000000000000047       0.45870675063940342       -1.2139710560679584      -0.82029581679337016        1.2412995097046542E-002
  0.79000000000000048       0.44648751796127395       -1.2219232678129446      -0.79522117449751228        1.2526616394353915E-002
  0.80000000000000049       0.43419128401349999       -1.2296233947773956      -0.77001269644480841       -6.0310254080395208E-004
  0.81000000000000050       0.42182058251042648       -1.2370701503073547      -0.74467555299626464        1.2579908637991726E-002
  0.82000000000000051       0.40937795951384742       -1.2442622996579069      -0.71921493505506229        1.2680668529290140E-002
  0.83000000000000052       0.39686597291196751       -1.2511986601879939      -0.69363605300889541       -4.6997711109067014E-004
  0.84000000000000052       0.38428719189652055       -1.2578781015446927      -0.66794413566946564        1.2731613493419123E-002
  0.85000000000000053       0.37164419643815272       -1.2642995458367818      -0.64214442920936288        1.2819415921314770E-002
  0.86000000000000054       0.35893957676017524       -1.2704619677977482      -0.61624219609653053       -3.5224008714961899E-004
  0.87000000000000055       0.34617593281079506       -1.2763643949380150      -0.59024271402654893        1.2867901678328559E-002
  0.88000000000000056       0.33335587373392972       -1.2820059076865404      -0.56415127485293615        1.2942659954923179E-002
  0.89000000000000057       0.32048201733871273       -1.2873856395216960      -0.53797318351568979       -2.5008063664845023E-004
  0.90000000000000058       0.30755698956779898       -1.2925027770913768      -0.51171375696828769        1.2988593558362028E-002
  0.91000000000000059       0.29458342396457488       -1.2973565603224109      -0.48537832310335682        1.3050230450207112E-002
  0.92000000000000060       0.28156396113938298       -1.3019462825191903      -0.45897221967723062       -1.6365941234978794E-004
  0.93000000000000060       0.26850124823486771       -1.3062712904515252      -0.43250079323361346        1.3093538087638358E-002
  0.94000000000000061       0.25539793839054975       -1.3103309844317959      -0.40596939802655585        1.3141985883360822E-002
  0.95000000000000062       0.24225669020673754       -1.3141248183812246      -0.37938339494297701       -9.3108348960297579E-005
  0.96000000000000063       0.22908016720788288       -1.3176522998854650      -0.35274815042492857        1.3182612994525488E-002
  0.97000000000000064       0.21587103730548904       -1.3209129902393837      -0.32606903539182741        1.3217813555055047E-002
  0.98000000000000065       0.20263197226067892       -1.3239065044810148      -0.29935142416287663       -3.8530512170615786E-005
  0.99000000000000066       0.18936564714653081       -1.3266325114148094      -0.27260069337987686        1.3255724915174232E-002
   1.0000000000000007       0.17607473981028962       -1.3290907336241196      -0.24582222093064970        1.3277629706534661E-002
