   0.0000000000000000        1.0000000000000000        0.0000000000000000        0.0000000000000000        0.0000000000000000     
   1.0000000000000000E-002  0.99980019980019985       -1.9980019980019980E-002  -1.9980019980019981        6.9569670037082252E-004
   2.0000000000000000E-002  0.99940091863399250       -4.9902164941108135E-002  -1.9948096640726964        3.0368151751098494E-003
   2.9999999999999999E-002  0.99880243544805214       -6.9808419580658240E-002  -1.9920201973296514       -3.6735436656672670E-003
   4.0000000000000001E-002  0.99800492286178200       -8.9702728643510532E-002  -1.9888336274320833        3.7735566312327383E-003
   5.0000000000000003E-002  0.99700862415685354      -0.10956917642575319       -1.9852517141996469        3.9320880916478363E-003
   6.0000000000000005E-002  0.99581385905144904      -0.12939983056423918       -1.9812757316577589       -4.8458695476028841E-003
   7.0000000000000007E-002  0.99442100783173593      -0.14918942768673696       -1.9769068614485328       -4.7599859127879802E-003
   8.0000000000000002E-002  0.99283050007755957      -0.16893360214078829       -1.9721463119838558        4.0894950010507171E-003
   8.9999999999999997E-002  0.99104280885292972      -0.18862829598566228       -1.9669953540270064        4.1746717558590217E-003
   9.9999999999999992E-002  0.98905844802600318      -0.20826956280746875       -1.9614553310274090        4.3285472422976562E-003
  0.10999999999999999       0.98687797106484509      -0.22785350282740086       -1.9555276619034982       -4.4558317009227811E-003
  0.11999999999999998       0.98450197046593924      -0.24737624177798001       -1.9492138415896398       -4.3717521835248225E-003
  0.12999999999999998       0.98193107743718588      -0.26683392436771253       -1.9425154409249548        4.4868442752687603E-003
  0.13999999999999999       0.97916596167689030      -0.28622271260668131       -1.9354341063452460        4.5708691427544610E-003
  0.14999999999999999       0.97620733118512659      -0.30553878574976895       -1.9279715595102715        4.7196727279655380E-003
  0.16000000000000000       0.97305593208269314      -0.32477834077684758       -1.9201295969032386       -4.0715253499124171E-003
  0.17000000000000001       0.96971254842822485      -0.34393759304858695       -1.9119100894125629       -3.9896380811286969E-003
  0.18000000000000002       0.96617800202994575      -0.36301277701844809       -1.9033149818984159        4.8776973795859819E-003
  0.19000000000000003       0.96245315225078587      -0.38200014696003753       -1.8943462927447687        4.9601873892345504E-003
  0.20000000000000004       0.95853889580642271      -0.40089597769648144       -1.8850061133971270        5.1035298297716783E-003
  0.21000000000000005       0.95443616655611585      -0.41969656532788807       -1.8752966078860007       -3.6948708343536979E-003
  0.22000000000000006       0.95014593528632119      -0.43839822795382211       -1.8652200123363367       -3.6155534139583894E-003
  0.23000000000000007       0.94566920948710775      -0.45699730639228636       -1.8547786344628325        5.2601540055843806E-003
  0.24000000000000007       0.94100703312142231      -0.47549016489214901       -1.8439748530514726        5.3407355827378798E-003
  0.25000000000000006       0.93616048638724980      -0.49387319184162359       -1.8328111174271697        5.4782372349089789E-003
  0.26000000000000006       0.93113068547271949      -0.51214280047092609       -1.8212899469077650       -3.3277395444517755E-003
  0.27000000000000007       0.92591878230421609      -0.53029542954900433       -1.8094139302445116       -3.2513592948230649E-003
  0.28000000000000008       0.92052596428754596      -0.54832754407536211       -1.7971857250490630        5.6323636798618019E-003
  0.29000000000000009       0.91495345404221906      -0.56623563596551607       -1.7846080572071972        5.7106742420158689E-003
  0.30000000000000010       0.90920250912890532      -0.58401622473070847       -1.7716837202793541        5.8419668025214248E-003
  0.31000000000000011       0.90327442177012296      -0.60166585815164986       -1.7584155748881141       -2.9719479178628135E-003
  0.32000000000000012       0.89717051856422281      -0.61918111294590594       -1.7448065480927730       -2.8988600984613711E-003
  0.33000000000000013       0.89089216019272943      -0.63655859542897786       -1.7308596327511405        5.9925344456169781E-003
  0.34000000000000014       0.88444074112110427      -0.65379494216911205       -1.7165778868686794        6.0682241697502352E-003
  0.35000000000000014       0.87781768929299386      -0.67088682063529748       -1.7019644329351642        6.1929524301864930E-003
  0.36000000000000015       0.87102446581803050      -0.68783092983899818       -1.6870224572489410       -2.6292486128881840E-003
  0.37000000000000016       0.86406256465325337      -0.70462400096840361       -1.6717552092290346       -2.5597946933957347E-003
  0.38000000000000017       0.85693351227821879      -0.72126279801633497       -1.6561660007151306        6.3389415646728370E-003
  0.39000000000000018       0.84963886736386951      -0.73774411840066978       -1.6402582052556856        6.4116750848493753E-003
  0.40000000000000019       0.84218022043523322      -0.75406479357798106       -1.6240352573842280        6.5294986141699578E-003
  0.41000000000000020       0.83455919352802355      -0.77022168964962601       -1.6075006518840771       -2.3013220221308989E-003
  0.42000000000000021       0.82677743983921770      -0.78621170796039752       -1.5906579430416037       -2.2358280312077508E-003
  0.43000000000000022       0.81883664337168272      -0.80203178568995204       -1.5735107438881692        6.6699358509392801E-003
  0.44000000000000022       0.81073851857293133      -0.81767889643594571       -1.5560627254309871        6.7393938770401868E-003
  0.45000000000000023       0.80248480996807758      -0.83315005079049520       -1.5383176158729157        6.8499886235578265E-003
  0.46000000000000024       0.79407729178707642      -0.84844229690748485       -1.5202791998215539       -1.9897681803897429E-003
  0.47000000000000025       0.78551776758632230      -0.86355272106306624       -1.5019513174875991       -1.9285431380124953E-003
  0.48000000000000026       0.77680806986468831      -0.87847844820738885       -1.4833378638727854        6.9839515938261076E-003
  0.49000000000000027       0.76795005967408747      -0.89321664250841015       -1.4644427879475022        7.0498324436515476E-003
  0.50000000000000022       0.75894562622463702      -0.90776450788751717       -1.4452700918182724        7.1528922489133241E-003
  0.51000000000000023       0.74979668648451070      -0.92211928854642833       -1.4258238298853072       -1.6960991056090508E-003
  0.52000000000000024       0.74050518477456140      -0.93627826948608672       -1.4061081079902358       -1.6394335464764572E-003
  0.53000000000000025       0.73107309235780227      -0.95023877701638926       -1.3861270825542933        7.2795140337172000E-003
  0.54000000000000026       0.72150240702382995      -0.96399817925786890       -1.3658849597070304        7.3415350711592093E-003
  0.55000000000000027       0.71179515266827675      -0.97755388663435794       -1.3453859944058049        7.4367730884965363E-003
  0.56000000000000028       0.70195337886738041      -0.99090335235680937       -1.3246344895462159       -1.4217316093656472E-003
  0.57000000000000028       0.69197916044776109       -1.0040440728980886       -1.3036347950636751       -1.3698962043670955E-003
  0.58000000000000029       0.68187459705149678       -1.0169735884586881       -1.2823913070262984        7.5552463540152033E-003
  0.59000000000000030       0.67164181269658429       -1.0296894834236601       -1.2609084667192758        7.6131453265060808E-003
  0.60000000000000031       0.66128295533287917       -1.0421893868101368       -1.2391907597209473        7.7002953375569410E-003
  0.61000000000000032       0.65080019639360798       -1.0544709727054173       -1.2172427149707825       -1.1679806108773343E-003
  0.62000000000000033       0.64019573034254396       -1.0665319606960659       -1.1950689038294027       -1.1212248931143200E-003
  0.63000000000000034       0.62947177421694167       -1.0783701162871393       -1.1726739391309122        7.8098761567993395E-003
  0.64000000000000035       0.61863056716632514       -1.0899832513123684       -1.1500624742276608        7.8634124257715987E-003
  0.65000000000000036       0.60767436998722457       -1.1013692243342534       -1.1272392020277089        7.9422300488287793E-003
  0.66000000000000036       0.59660546465395736       -1.1125259410350512       -1.1042088540251107       -9.3605298584767275E-004
  0.67000000000000037       0.58542615384555197       -1.1234513545974474       -1.0809761993233080       -8.9460418714432306E-004
  0.68000000000000038       0.57413876046891088       -1.1341434660759044       -1.0575460436517494        8.0422413918820341E-003
  0.69000000000000039       0.56274562717831123       -1.1446003247579093       -1.0339232283759896        8.0911970505214079E-003
  0.70000000000000040       0.55124911589134329       -1.1548200285152104       -1.0101126295014697        8.1614608351043508E-003
  0.71000000000000041       0.53965160730138417       -1.1648007241454663      -0.98611915667113093       -7.2704197871901121E-004
  0.72000000000000042       0.52795550038670913       -1.1745406077032812      -0.96194775215715589       -6.9110398197812467E-004
  0.73000000000000043       0.51616321191634040       -1.1840379248215565      -0.93760338984695635        8.2512957118626648E-003
  0.74000000000000044       0.50427717595273447       -1.1932909710224602      -0.91309107422367219        8.2954765850381390E-003
  0.75000000000000044       0.49229984335140997       -1.2022980920183763      -0.88841583934134982        8.3569889876847318E-003
  0.76000000000000045       0.48023368125761967       -1.2110576840023233      -0.86358274779505340       -5.4192220392831815E-004
  0.77000000000000046       0.46808117260016807       -1.2195681939282319      -0.83859688968607771       -5.1167461610076746E-004
  0.78000000000000047       0.45584481558247947       -1.2278281197807084      -0.81346338158250231        8.4361132287674723E-003
  0.79000000000000048       0.44352712317101833       -1.2358360108347390      -0.78818736547525747        8.4753497506147701E-003
  0.80000000000000049       0.43113062258116941       -1.2435904679042793      -0.76277400772999648        8.5279379874998434E-003
  0.81000000000000050       0.41865785476067952       -1.2510901435810338      -0.73722849803487633       -3.8154525876244003E-004
  0.82000000000000051       0.40611137387076784       -1.2583337424622449      -0.71155604834455610       -3.5714260856858085E-004
  0.83000000000000052       0.39349374676500981       -1.2653200213681159      -0.68576189182057024        8.5958926509388262E-003
  0.84000000000000052       0.38080755246610054       -1.2720477895484887      -0.65985128176832197        8.6300406162130947E-003
  0.85000000000000053       0.36805538164060347       -1.2785159088790967      -0.63382949057087923        8.6735573888379186E-003
  0.86000000000000054       0.35523983607179249       -1.2847232940467896      -0.60770180861984169       -2.4663596723719131E-004
  0.87000000000000055       0.34236352813069321       -1.2906689127243443      -0.58147354324343892       -2.2820703114458628E-004
  0.88000000000000056       0.32942908024543077       -1.2963517857343887      -0.55515001763211047        8.7299607820183287E-003
  0.89000000000000057       0.31643912436899119       -1.3017709872028236      -0.52873656976175643        8.7589019679731508E-003
  0.90000000000000058       0.30339630144550417       -1.3069256447010686      -0.50223855131492290        8.7932260588062614E-003
  0.91000000000000059       0.29030326087515640       -1.3118149393778187      -0.47566132660008731       -1.3778927122338951E-004
  0.92000000000000060       0.27716265997784162       -1.3164381060798316      -0.44901027146929678       -1.2543653053112379E-004
  0.93000000000000060       0.26397716345565636       -1.3207944334620541      -0.42229077223434841        8.8377753671197243E-003
  0.94000000000000061       0.25074944285435019       -1.3248832640866512      -0.39550822458176843        8.8614180233221092E-003
  0.95000000000000062       0.23748217602383853       -1.3287039945114425      -0.36866803248676167        8.8864547589444023E-003
  0.96000000000000063       0.22417804657788659       -1.3322560753672128      -0.34177560712639615       -5.5467781742992797E-005
  0.97000000000000064       0.21083974335307309       -1.3355390114244250      -0.31483636579219226       -4.9267012954564228E-005
  0.98000000000000065       0.19746995986714294       -1.3385523616488548      -0.28785573080237753        8.9189272745973987E-003
  0.99000000000000066       0.18407139377685675       -1.3412957392464198      -0.26083912841399987        8.9372064787723391E-003
   1.0000000000000007       0.17064674633544680       -1.3437688116971789      -0.23379198773511928        8.9528880587446402E-003
